# 直线1: y = 1.17086605 * x - 0.41585755
# 直线2: y = 1.17086605 * x + 0.41585755

slope = 1.17086605  # 两条直线的斜率相同
intercept1 = -0.41585755  # 直线1的截距
intercept2 = 0.41585755   # 直线2的截距


cut_point1 = (-2.711855863706647, -3.591077522761084)  
cut_point2 = (2.711855863706647, 3.591077522761084) 
cut = (0.903951954500684,1.1970258408177847)

r_1=3.0054176677561504
r_2=1.5027088338780752

o_1 = (-0.7600091139658178,-1.3057264286867012)
o_2 = (1.7359324888362324,2.4484019757238924)
